45 150 4 111
0 1
0 11
0 12
0 20
0 29
0 33
0 42
1 2
1 8
1 9
1 12
1 14
1 17
1 21
1 25
1 28
1 32
1 35
1 43
2 3
2 6
2 22
2 23
2 24
2 27
2 31
3 11
3 23
3 25
3 27
3 31
3 32
3 37
4 14
4 17
4 24
4 28
4 29
4 34
4 38
5 9
5 16
5 17
5 34
5 37
5 43
6 9
6 13
6 21
6 28
7 16
7 31
7 32
7 38
7 44
8 26
8 34
8 36
8 40
8 41
9 11
9 15
9 35
9 44
10 12
10 14
10 29
10 32
10 38
11 16
11 17
11 19
11 21
11 41
12 20
12 29
12 42
13 25
13 26
13 29
13 30
13 38
13 39
13 44
14 19
14 22
14 25
14 29
15 26
15 41
15 44
16 17
16 22
16 39
17 29
17 35
17 36
17 38
18 19
18 24
18 26
18 30
18 31
19 37
19 39
20 22
20 35
20 41
21 30
21 32
21 35
21 44
22 25
22 26
22 30
22 40
23 31
23 35
23 44
24 31
24 33
24 44
25 29
25 32
25 42
25 44
26 32
26 35
26 39
26 40
26 43
27 33
27 40
28 35
28 41
30 36
31 34
31 44
32 33
32 36
33 34
35 36
36 39
36 42
37 38
37 44
39 43
39 44
40 42
42 44
