33 200 50 817
0 2
0 3
0 5
0 6
0 10
0 11
0 12
0 22
0 24
0 26
0 27
0 28
0 29
0 31
0 32
1 2
1 4
1 9
1 12
1 14
1 15
1 16
1 18
1 20
1 22
1 24
1 28
1 31
2 4
2 10
2 11
2 13
2 15
2 19
2 20
2 23
2 26
2 29
2 30
3 10
3 15
3 18
3 20
3 21
3 27
3 30
3 32
4 5
4 6
4 7
4 8
4 10
4 14
4 16
4 17
4 20
4 21
4 22
4 26
4 32
5 7
5 8
5 9
5 10
5 11
5 12
5 15
5 16
5 18
5 21
5 23
5 25
6 8
6 12
6 14
6 22
6 28
6 32
7 12
7 15
7 16
7 19
7 21
7 23
7 25
7 28
7 31
7 32
8 13
8 14
8 16
8 17
8 20
8 22
8 23
8 24
8 29
8 31
9 11
9 19
9 24
9 26
9 30
10 12
10 14
10 19
10 22
10 24
10 26
10 27
10 31
11 12
11 13
11 14
11 19
11 20
11 25
11 32
12 14
12 17
12 19
12 22
12 25
12 28
12 31
13 14
13 16
13 18
13 25
13 26
13 30
13 31
14 15
14 17
14 18
14 19
14 21
14 24
14 28
15 16
15 17
15 21
15 23
15 25
15 26
15 27
15 30
15 31
16 19
16 20
16 21
16 23
16 27
17 19
17 20
17 25
17 28
17 30
17 32
18 26
18 27
18 28
18 29
18 30
19 20
19 22
19 24
19 26
19 27
19 28
19 31
19 32
20 22
20 25
20 31
21 22
21 23
21 28
21 31
22 26
22 27
22 28
23 24
23 25
23 30
24 29
24 31
25 26
25 27
25 29
26 28
26 30
27 28
27 30
27 32
28 29
28 32
29 31
29 32
30 32

