50 600 45 1150
0 1
0 3
0 6
0 8
0 9
0 12
0 13
0 14
0 16
0 19
0 21
0 22
0 25
0 29
0 32
0 34
0 36
0 37
0 38
0 39
0 41
0 44
0 47
1 2
1 3
1 4
1 6
1 8
1 12
1 13
1 15
1 17
1 18
1 20
1 27
1 28
1 29
1 31
1 37
1 39
1 40
1 42
1 43
1 44
1 46
1 47
1 49
2 5
2 10
2 11
2 13
2 16
2 21
2 23
2 24
2 26
2 27
2 29
2 30
2 31
2 32
2 33
2 34
2 36
2 42
2 48
3 4
3 7
3 8
3 10
3 12
3 14
3 16
3 18
3 20
3 21
3 23
3 24
3 25
3 26
3 32
3 34
3 36
3 39
3 40
3 41
3 42
3 43
3 45
4 6
4 8
4 10
4 12
4 14
4 19
4 20
4 23
4 26
4 28
4 29
4 30
4 33
4 35
4 37
4 41
4 44
4 49
5 6
5 7
5 9
5 13
5 14
5 16
5 17
5 18
5 21
5 22
5 26
5 27
5 31
5 32
5 33
5 35
5 37
5 41
5 42
5 44
5 45
5 46
5 47
5 49
6 10
6 11
6 12
6 13
6 15
6 18
6 19
6 21
6 28
6 29
6 33
6 35
6 37
6 41
6 43
6 44
6 45
6 47
6 49
7 9
7 10
7 15
7 17
7 19
7 21
7 24
7 25
7 26
7 27
7 28
7 31
7 32
7 35
7 36
7 37
7 45
7 47
7 48
7 49
8 11
8 12
8 13
8 18
8 19
8 20
8 23
8 24
8 25
8 27
8 28
8 29
8 31
8 35
8 36
8 39
8 40
8 46
8 47
8 49
9 10
9 11
9 15
9 18
9 19
9 21
9 24
9 28
9 30
9 31
9 34
9 35
9 36
9 42
9 44
9 49
10 13
10 14
10 15
10 16
10 17
10 18
10 20
10 22
10 24
10 26
10 28
10 29
10 31
10 34
10 38
10 40
10 42
10 43
10 45
10 46
10 48
11 12
11 13
11 14
11 15
11 17
11 18
11 19
11 22
11 23
11 25
11 28
11 31
11 33
11 34
11 35
11 36
11 39
11 40
11 42
11 43
11 45
11 46
12 14
12 19
12 20
12 22
12 25
12 27
12 28
12 33
12 35
12 37
12 38
12 39
12 40
12 42
12 43
12 45
12 48
12 49
13 16
13 17
13 21
13 23
13 24
13 30
13 31
13 33
13 35
13 37
13 38
13 39
13 40
13 42
13 44
13 46
13 48
13 49
14 15
14 20
14 21
14 23
14 24
14 25
14 26
14 29
14 30
14 31
14 32
14 33
14 35
14 37
14 38
14 43
14 45
14 47
14 48
14 49
15 19
15 22
15 24
15 25
15 28
15 29
15 31
15 37
15 40
15 41
15 42
15 43
15 45
15 49
16 23
16 25
16 26
16 27
16 28
16 30
16 32
16 33
16 34
16 35
16 37
16 38
16 40
16 44
16 45
16 46
16 48
17 19
17 22
17 24
17 25
17 28
17 31
17 34
17 36
17 37
17 38
17 40
17 45
17 47
17 48
17 49
18 19
18 23
18 24
18 26
18 27
18 28
18 30
18 32
18 34
18 35
18 37
18 38
18 45
18 47
18 48
19 20
19 21
19 26
19 27
19 29
19 34
19 35
19 37
19 38
19 39
19 41
19 43
19 44
19 45
19 47
20 21
20 28
20 30
20 31
20 33
20 34
20 35
20 37
20 40
20 41
20 42
20 44
20 46
20 47
20 48
21 23
21 24
21 25
21 26
21 27
21 31
21 32
21 33
21 34
21 36
21 37
21 42
21 43
21 44
21 46
21 47
21 48
21 49
22 24
22 26
22 27
22 28
22 30
22 33
22 34
22 35
22 36
22 37
22 38
22 40
22 41
22 42
22 43
22 47
22 48
22 49
23 24
23 25
23 27
23 29
23 30
23 32
23 34
23 35
23 38
23 39
23 41
23 42
23 43
23 44
23 46
23 47
24 25
24 26
24 27
24 29
24 31
24 32
24 33
24 39
24 41
24 42
24 44
24 45
24 47
24 48
25 29
25 30
25 31
25 33
25 34
25 36
25 37
25 38
25 39
25 45
25 46
25 47
26 29
26 30
26 33
26 34
26 36
26 37
26 38
26 39
26 40
26 46
26 47
26 49
27 28
27 32
27 33
27 38
27 40
27 41
27 42
27 45
27 47
27 48
27 49
28 29
28 30
28 34
28 37
28 39
28 40
28 41
29 30
29 31
29 37
29 39
29 42
29 43
29 44
30 32
30 33
30 34
30 35
30 39
30 41
30 43
30 44
30 45
30 47
30 48
30 49
31 33
31 34
31 36
31 37
31 42
31 43
31 44
31 47
32 33
32 37
32 41
32 44
32 45
32 46
32 48
32 49
33 34
33 36
33 37
33 41
33 42
33 43
33 45
33 47
33 49
34 35
34 38
34 39
34 40
34 44
34 45
34 46
34 48
35 36
35 45
35 46
35 47
35 48
36 40
36 41
36 44
36 45
36 46
36 48
37 38
37 40
37 42
37 46
37 48
37 49
38 39
38 43
38 44
38 48
38 49
39 41
39 42
39 43
39 44
39 48
39 49
40 42
40 45
40 46
40 49
41 44
41 45
41 48
42 46
42 47
42 48
42 49
43 46
43 48
46 48
47 49
48 49

