30 100 50 716
0 3
0 6
0 8
0 15
0 17
0 21
0 25
0 27
0 29
1 3
1 9
1 17
1 18
1 28
2 4
2 8
2 11
2 13
2 17
2 18
2 29
3 10
3 12
3 18
3 21
3 25
4 7
4 8
4 17
4 20
4 26
5 13
5 17
5 23
6 10
6 11
6 12
6 19
6 24
6 25
6 26
6 27
7 14
7 18
8 9
8 14
8 16
8 19
8 21
8 24
8 28
9 11
9 22
9 24
9 28
10 11
10 16
10 17
10 18
10 24
11 12
11 15
11 23
11 28
12 15
12 20
12 21
12 23
12 27
12 28
13 16
13 18
13 20
13 24
13 26
13 29
14 15
14 18
14 21
14 22
14 26
15 23
15 27
16 19
17 20
17 24
18 21
18 22
18 26
19 21
19 23
19 29
20 25
21 27
22 25
22 28
23 24
23 25
23 26
25 27

