20 100 13 128
0 1
0 2
0 3
0 6
0 8
0 9
0 10
0 15
0 17
0 18
0 19
1 4
1 6
1 7
1 8
1 9
1 11
1 12
1 14
1 17
1 19
2 4
2 8
2 9
2 14
3 4
3 6
3 8
3 10
3 11
3 13
4 5
4 6
4 7
4 10
4 11
4 14
4 15
4 17
4 19
5 7
5 8
5 10
5 11
5 14
5 16
5 17
6 7
6 8
6 11
6 12
6 13
6 16
6 18
7 8
7 10
7 12
7 13
7 15
7 17
7 19
8 9
8 10
8 11
8 12
8 16
8 17
8 18
9 11
9 12
9 13
9 14
9 17
9 18
10 11
10 15
10 16
10 19
11 12
11 13
11 14
11 15
11 16
11 17
11 19
12 15
12 18
12 19
13 15
13 19
14 15
14 16
14 19
15 16
15 17
15 19
16 18
16 19
17 19
18 19
