40 300 30 620
0 4
0 8
0 11
0 12
0 13
0 15
0 17
0 19
0 22
0 24
0 28
0 30
0 31
0 32
0 34
0 37
0 38
1 7
1 8
1 11
1 12
1 17
1 18
1 20
1 26
1 27
1 30
1 31
1 38
2 4
2 6
2 8
2 15
2 20
2 22
2 24
2 25
2 26
2 29
2 33
2 34
2 35
2 39
3 7
3 8
3 9
3 11
3 15
3 22
3 24
3 25
3 28
3 30
3 32
3 36
3 38
3 39
4 6
4 11
4 12
4 20
4 21
4 27
4 28
4 32
4 35
4 36
4 37
4 38
5 6
5 14
5 18
5 19
5 21
5 23
5 26
5 28
5 29
5 30
5 33
5 34
6 8
6 10
6 11
6 13
6 15
6 17
6 20
6 22
6 23
6 29
6 30
6 31
6 32
6 33
6 34
6 38
7 11
7 14
7 18
7 20
7 26
7 27
7 29
7 32
7 34
7 35
7 37
7 38
7 39
8 12
8 17
8 21
8 24
8 30
8 33
8 35
8 36
8 38
8 39
9 14
9 15
9 18
9 21
9 23
9 24
9 25
9 28
9 32
9 33
9 34
9 35
9 36
9 37
10 12
10 14
10 15
10 16
10 18
10 21
10 25
10 27
10 30
10 33
11 16
11 18
11 23
11 24
11 25
11 26
11 29
11 30
11 31
11 33
12 13
12 16
12 17
12 19
12 20
12 21
12 24
12 25
12 28
13 16
13 20
13 21
13 24
13 25
13 27
13 30
13 33
13 34
13 37
14 15
14 17
14 21
14 22
14 24
14 27
14 31
14 32
14 33
14 34
14 39
15 16
15 18
15 19
15 23
15 25
15 29
15 30
15 32
15 34
15 35
15 37
16 23
16 26
16 28
16 30
16 31
16 39
17 18
17 24
17 26
17 28
17 35
17 36
18 20
18 23
18 24
18 25
18 29
18 35
18 37
18 38
19 24
19 26
19 30
19 32
19 33
19 36
20 21
20 22
20 26
20 30
20 35
20 36
20 37
21 22
21 26
21 30
21 31
21 32
21 37
21 38
22 25
22 26
22 27
22 31
22 34
22 37
22 38
22 39
23 27
23 28
23 30
23 31
23 34
23 37
23 38
24 27
24 28
24 33
24 34
25 28
25 31
25 33
25 34
25 35
25 36
25 38
26 27
26 28
26 29
26 37
26 39
27 34
27 35
27 37
27 38
27 39
28 31
28 37
29 31
29 32
29 34
29 35
29 36
29 37
29 38
30 31
30 33
30 37
31 33
31 36
31 37
31 39
32 33
32 34
32 35
32 39
33 34
33 35
34 36
34 37
35 36
35 39
36 37
36 39
37 39

